4
0
2
2
0
4
2
3
4
0
3
4
2
1
4
4
2
1
6
0
1
2
6
1
6
3
2
4
4
3
1
4
2
2
2
6
4
4
5
2
2
4
2
3
5
4
1
1
5
1
2
6
2
4
5
3
2
5
5
1
3
4
3
1
4
1
2
1
1
5
2
2
1
5
4
2
4
2
2
2
4
6
6
2
3
1
2
4
1
2
2
2
1
1
1
5
1
1
1
2
2
2
0
0
0
0
0
0
1
2
8
9
7
7
4
3
2
7
0
8
3
8
2
8
8
7
4
4
7
8
8
3
8
7
8
8
8
6
9
7
9
8
8
9
9
9
3
3
3
9
8
8
0
3
8
8
7
3
7
8
8
9
9
8
5
4
7
9
7
9
8
7
9
9
6
9
0
7
4
0
4
3
9
4
7
3
2
4
3
9
4
8
2
9
7
7
7
0
9
0
8
9
9
7
2
9
9
9
8
9
0
6
0
0
7
8
8
8
8
8
7
8
8
9
8
8
9
1
8
8
9
7
8
8
8
8
3
8
1
8
8
5
6
8
6
8
8
3
8
7
8
8
8
8
8
8
7
8
7
4
2
2
3
1
7
6
1
2
9
7
8
3
7
7
7
8
7
7
3
4
8
8
8
3
1
7
8
3
8
7
8
4
8
1
8
1
4
8
8
6
9
2
9
8
7
8
8
3
8
