Question ID , Answer ID
23425 , 91939
44747 , 221209
20593 , 74605
28863 , 124338
59656 , 290849
80201 , 391390
92136 , 449318
79232 , 386931
87167 , 425235
111477 , 545910
91789 , 447823
177744 , 921809
298021 , 1589819
300522 , 1603278
313892 , 1674117
314902 , 1678968
368447 , 1960260
194653 , 1022028
227693 , 1207382
263298 , 1408426
363923 , 1935521
381888 , 2031075
183144 , 954822
484210 , 2600416
500560 , 2693967
527475 , 2833573
614826 , 3251977
393877 , 2096838
460287 , 2465573
549587 , 2944024
588417 , 3126597
404053 , 2151972
464333 , 2487291
587188 , 3120521
625093 , 3300403
630368 , 3324926
391034 , 2080395
455494 , 2438613
645984 , 3402330
796655 , 4135923
938615 , 4771174
708946 , 3720650
813601 , 4218071
675277 , 3553650
683042 , 3594845
686752 , 3611978
795017 , 4199683
674169 , 3547763
679424 , 3576184
688894 , 3622271
706209 , 3706540
801149 , 4158128
951350 , 4840416
1183420 , 5916161
992181 , 5027150
1091896 , 5523497
1033162 , 5232614
1052702 , 5315154
1054407 , 5322896
1071847 , 5411393
1082712 , 5465726
1220802 , 6071237
1093933 , 5520248
1210948 , 6032245
1221233 , 6074898
961409 , 4888574
971254 , 4933665
1067019 , 5387928
1212654 , 6038304
1429570 , 6915666
1668380 , 7959388
1310116 , 6443582
1409011 , 6834484
1408836 , 6839133
1342537 , 6571378
1517962 , 7291835
1419088 , 6873816
1673963 , 7979098
1529589 , 7345344
1547724 , 7428552
1802530 , 8504493
1818590 , 8570072
1913485 , 8901929
2158220 , 9330187
2165100 , 9354984
2259415 , 9565033
1699461 , 8092774
1786236 , 8444375
1844826 , 8731526
1864211 , 8750161
2219806 , 9519042
2265851 , 9587602
1883277 , 8830518
2092677 , 9134459
1713523 , 8149602
2134223 , 9280441
1799519 , 8492607
1852014 , 8698676
2055529 , 9087406
2493185 , 10099759
2623020 , 10493234
2786110 , 11006712
2565672 , 10314003
2626442 , 10504781
2671447 , 10659660
2263148 , 9578205
2354498 , 9718162
2792228 , 11022574
2286434 , 9609910
2632934 , 10528505
2753444 , 10928263
2839145 , 11167537
3087540 , 11984373
3093440 , 12004610
2843636 , 11184579
2898066 , 11357575
2923586 , 11436534
2802507 , 11058710
2952873 , 11519833
3103378 , 12039427
3034924 , 11854196
3110484 , 12066154
3217595 , 12444471
3385765 , 13009462
3513800 , 13427826
3351766 , 12890995
3450556 , 13230071
3262877 , 12591701
3300147 , 12721181
3344077 , 12863416
3360567 , 12922229
3474257 , 13300271
3613247 , 13746571
3251988 , 12555363
3308533 , 12756867
3371793 , 12959068
3374823 , 12970289
3477903 , 13312915
3595708 , 13687051
3253339 , 12560451
3530439 , 13478374
3839045 , 14529794
3859575 , 14601883
3882055 , 14684962
3702711 , 14042550
3779476 , 14348184
3826901 , 14484011
4032151 , 15186932
4051981 , 15256401
4079221 , 15349285
4111026 , 15450505
3639602 , 13833133
3793087 , 14363800
3834088 , 14517571
3917783 , 14831651
3965333 , 14968012
4005043 , 15101411
3977439 , 15009486
4087509 , 15370518
4157565 , 15633274
4173715 , 15654603
4506885 , 16619071
4633985 , 16974770
4149886 , 15576510
4330221 , 16108573
4110672 , 15451492
4365377 , 16273108
4651177 , 17032349
4155663 , 15592844
4187948 , 15700625
4386798 , 16272221
4387468 , 16273961
4478623 , 16548805
4139109 , 15539033
4531674 , 16693404
4792281 , 17494472
4857441 , 17709722
5015436 , 18245741
4791512 , 17492427
4854002 , 17700556
4856332 , 17707517
4812608 , 17559532
4839188 , 17704496
4865078 , 17735576
4595039 , 16846716
4806794 , 17539532
5156510 , 18733954
5195275 , 18870118
5132051 , 18651285
5052012 , 18374192
5079608 , 18466587
5382158 , 19536614
5077379 , 18461786
5279559 , 19173453
5405079 , 19607837
5550540 , 20120321
5853135 , 21217975
5526252 , 20039611
5780452 , 20953585
5438238 , 19817253
5701848 , 20766764
5859743 , 21234289
5870543 , 21273522
5478309 , 19867926
5493244 , 19920601
5941930 , 21533304
6043125 , 21910493
6292705 , 22819942
6053256 , 21930061
5952997 , 21569932
5880008 , 21305305
5999419 , 21733383
6393480 , 23186588
6325636 , 22940995
6623006 , 23970444
6716801 , 24292155
6581837 , 23826284
6710527 , 24274831
6432088 , 23327056
6700393 , 24240225
6428614 , 23314310
6497904 , 23542258
25787 , 106475
71185 , 347650
148571 , 768781
180672 , 947273
225235 , 1207344
333220 , 1789156
342870 , 1825446
301906 , 1609935
370686 , 1972212
270793 , 1444042
328413 , 1823518
192309 , 1008711
202204 , 1063827
341069 , 1816714
515190 , 2789590
479196 , 2571140
516311 , 2782961
416533 , 2221041
528648 , 2840271
531424 , 2857430
720016 , 3775471
759951 , 3967020
866776 , 4460134
745388 , 3898857
854099 , 4399134
898959 , 4603205
1124210 , 5666638
1199955 , 6000130
1214005 , 6044122
1279655 , 6314077
1023596 , 5183791
1194011 , 5961982
1249351 , 6189644
948172 , 4821616
949242 , 4829505
1176407 , 5891924
1277842 , 6393062
1296387 , 6385805
1033083 , 5232007
1034158 , 5256745
1067063 , 5387768
1184588 , 5966122
1443930 , 6981426
1610240 , 7702837
1327061 , 6511282
1347001 , 6591696
1488516 , 7158095
1469777 , 7075829
1593463 , 7627443
1321184 , 6490474
1570049 , 7525622
1619964 , 7821940
1645004 , 7857489
1605779 , 7905314
1696800 , 8086834
1700370 , 8096316
1760455 , 8343583
1793605 , 8487211
1805905 , 8532381
1546980 , 8591571
1875105 , 8794750
2261262 , 9571265
1790323 , 8463072
2046918 , 9026192
2227733 , 9533685
1724789 , 8194329
1810934 , 8544441
1855559 , 8711070
2354035 , 9716676
2498736 , 10126265
2569006 , 10360913
2764681 , 10951435
2785777 , 11005401
2656648 , 10611339
2396619 , 9897748
2564809 , 10302486
2588354 , 10404737
2653659 , 10599209
2847420 , 11197188
3056496 , 11880337
3122806 , 12113722
2980142 , 11607413
3113588 , 12080021
3022774 , 11757520
3499790 , 13389540
3195477 , 12371975
3379727 , 12989368
3495977 , 13380140
3528237 , 13473939
3421553 , 13135073
3468779 , 13286808
3847440 , 14558371
3872880 , 14659239
4020855 , 15150359
4045856 , 15257391
4105866 , 15431661
3714627 , 14086039
3854922 , 14585009
4008402 , 15130434
4061467 , 15291239
4070702 , 15328440
3651528 , 13873329
3656313 , 13885645
3619818 , 13818318
3946193 , 14921943
3876564 , 14665263
3900519 , 14752253
4308995 , 16049201
4396205 , 16300444
4503705 , 16618310
4643490 , 17007419
4250097 , 15877469
4267177 , 15971260
4451597 , 16474048
4462112 , 16492969
4145713 , 15562957
4144719 , 15559914
4899086 , 17974622
4998486 , 18187322
5014056 , 18241018
4829573 , 17617222
4917924 , 17917927
5004179 , 18221532
5122905 , 18629247
5148930 , 18914723
5270000 , 19137865
5323480 , 19336159
5025421 , 18281039
5123857 , 18640602
5071329 , 18438909
5351504 , 19456379
5456725 , 19790992
5724940 , 20772809
5592901 , 20275849
5688531 , 20640462
5444292 , 19746568
5506817 , 19970269
5545467 , 20103258
5602827 , 20314543
5687162 , 20620902
5761667 , 20886814
5852992 , 21209629
5866242 , 21271298
5375788 , 19963607
5609468 , 20339504
5806338 , 21072822
5733509 , 20794285
5940585 , 21528405
5987510 , 21691245
6039316 , 21906483
6153911 , 22300686
6259816 , 22698273
5933037 , 21507224
6068617 , 21987872
6034793 , 21905217
6052233 , 21932356
6098324 , 22112120
6405055 , 23226880
6533105 , 23666550
6684470 , 24184360
6334386 , 22973060
6399721 , 23213589
6626796 , 24070301
6358767 , 23059134
6623032 , 23970061
6617828 , 23957164
6562889 , 23774311
8093 , 18401
14310 , 43649
27180 , 114034
167025 , 858296
72826 , 355817
92812 , 452680
133758 , 663665
151168 , 765563
369885 , 1967303
359656 , 1912623
378306 , 2011445
222118 , 1176469
243693 , 1371984
245908 , 1309958
275228 , 1469415
302203 , 1611545
371353 , 1974908
245914 , 1310123
286054 , 1528031
636400 , 3353400
546006 , 2927636
463457 , 2482629
487992 , 2620393
567567 , 3030521
395193 , 2103423
393094 , 2092262
430649 , 2300233
744810 , 3896466
905150 , 4632094
712281 , 3737079
756991 , 3952956
921456 , 4704726
702307 , 3687088
840517 , 4338842
754184 , 3940140
807644 , 4212119
1059970 , 5352554
965771 , 4914828
972691 , 4951018
1065091 , 5377739
950563 , 4834944
1056419 , 5335821
1140914 , 5740170
1200714 , 5991197
1656615 , 7902610
1345987 , 6587279
1589892 , 7609482
1306688 , 6430716
1406119 , 6823146
1581189 , 7572519
1802205 , 8527616
1829950 , 8612180
1928321 , 8927116
1708672 , 8133178
1822923 , 8589503
1861828 , 8786992
2286550 , 9610028
2525006 , 10206918
2742096 , 10889469
2742526 , 10915681
2778682 , 10982018
2482633 , 10083856
2628553 , 10512050
2557869 , 10277669
3094665 , 12010425
3128580 , 12496815
3141455 , 12189781
2878356 , 11303268
3113136 , 12103263
3113231 , 12076892
3128066 , 12129568
2923167 , 11434982
3021872 , 11755657
3029227 , 11784241
2933033 , 11465073
2973118 , 11602378
3018143 , 11745361
2813064 , 11079482
3327785 , 12844335
3593115 , 13679798
3601585 , 13706510
3196531 , 12374669
3329251 , 12820452
3510611 , 13418602
3422157 , 13134847
3343413 , 12874500
3466698 , 13281250
3502598 , 13389979
3559143 , 13574027
3499319 , 13411279
3881446 , 14682801
3897711 , 14751299
3753012 , 14254044
3840577 , 14535507
3885777 , 14698595
3940717 , 14918314
3748879 , 14226537
3849074 , 14564820
3899654 , 14795976
4289595 , 15997123
4293680 , 16009027
4458600 , 16479646
4460250 , 16530524
4518780 , 16652538
4527156 , 16711683
4215107 , 15764832
4269422 , 15933419
4330537 , 16112397
4475622 , 16534611
4653093 , 17039083
4236459 , 15835161
4527004 , 16672840
4654904 , 17065249
4907180 , 17877920
4759901 , 17392532
4773191 , 17433613
4722338 , 17268982
5121390 , 18613024
5176420 , 18806424
5319340 , 19318289
4979237 , 18313622
5075158 , 18452340
5105393 , 18558018
5111783 , 18605133
5112879 , 18581898
5353614 , 19445569
5558811 , 20150924
5750668 , 20851329
5770174 , 20923058
5801834 , 21028842
5978275 , 21660941
6106575 , 22421131
6246160 , 22647166
6006176 , 21757918
6014061 , 21797122
6028756 , 21842225
6168336 , 22354257
6080437 , 22075919
6115527 , 22158413
6183057 , 22410130
6081328 , 22036746
6224078 , 22562100
6257083 , 22691191
5896149 , 21364757
6541695 , 23701808
6619775 , 23959783
6696365 , 24227393
6719001 , 24301578
6427407 , 23310364
6471887 , 23459666
6539098 , 23792648
6603313 , 23902526
6623539 , 23971925
6642599 , 24074002
46441 , 229468
96780 , 471882
178967 , 931860
98419 , 479143
318945 , 1699833
593250 , 3150379
596901 , 3173230
414782 , 2212028
471863 , 2529671
597373 , 3169507
490484 , 2635205
769280 , 4012764
789270 , 4101890
810030 , 4198459
817520 , 4238216
826845 , 4269590
856660 , 4412762
681896 , 3588559
803901 , 4181713
837636 , 4322291
842607 , 4360495
882697 , 4529183
654868 , 3483488
939938 , 4789530
668334 , 3518579
714664 , 3749181
768879 , 4010566
1224421 , 6109703
961107 , 4887502
1097007 , 5542475
1111042 , 5605137
1241568 , 6156024
1005399 , 5090872
1214209 , 6045078
1282659 , 6328514
1384421 , 6761964
1641596 , 7840060
1673666 , 7978847
1610221 , 8015774
1345572 , 6585770
1493432 , 7180790
1581882 , 7575491
1579502 , 7566085
1361058 , 6739959
1491059 , 7169199
1773801 , 8399638
1837916 , 8646634
1873896 , 8833944
1905846 , 8878004
1735897 , 8242158
1742177 , 8266444
2128232 , 9273177
1703373 , 8109067
1775123 , 8526771
1676324 , 7990601
1691264 , 8058487
1695179 , 8076216
1785339 , 8439567
2287655 , 9614071
2526455 , 10211823
2558860 , 10286154
2378737 , 9818231
2386422 , 9868778
2446427 , 9945859
2630832 , 10524369
2564034 , 10299387
2980980 , 11609039
3180365 , 12316859
2937441 , 11551065
3120306 , 12100914
3148961 , 12205957
3131098 , 12140572
2869314 , 11268752
2964154 , 11560767
2986724 , 11629794
3001069 , 11678182
3480766 , 13335694
3374332 , 12968353
3514062 , 13428866
3263459 , 12593975
3392369 , 13049579
3924846 , 14844399
4013946 , 15130612
4055141 , 15268840
3769492 , 14279998
3815657 , 14442640
3871952 , 14646950
4015637 , 15193859
4064367 , 15297235
4020623 , 15149822
4639875 , 16994672
4131201 , 15516770
4299966 , 16032023
4132003 , 15516447
4332953 , 16119392
4583608 , 16822368
4641778 , 17001033
4719776 , 17259776
4814421 , 17573701
4901816 , 17857085
4958256 , 18047523
4732267 , 17302868
4756502 , 17473570
4805812 , 17769860
4837177 , 17642865
4698298 , 17190139
4748878 , 17356378
5020191 , 18268239
5295611 , 19415580
5363192 , 19499888
5197423 , 18880496
5218778 , 18997631
5082649 , 18476848
5216454 , 18948758
5304284 , 19261386
5338509 , 19384977
5388004 , 19556333
5652571 , 20496039
5814341 , 21073915
5642657 , 20458973
5871968 , 21298665
5535369 , 20076197
5748869 , 20844597
5926735 , 21485931
6062615 , 21965531
6136291 , 22236564
5883342 , 21317712
6018934 , 21804945
6267064 , 22722589
6328430 , 22953318
6383731 , 23151414
6575891 , 23815403
6690151 , 24203443
6472762 , 23500530
6721193 , 24307444
6668824 , 24130142
11059 , 29688
22458 , 86077
65216 , 318795
128157 , 633646
128387 , 634684
125513 , 620041
231705 , 1233533
267460 , 1465852
246896 , 1316580
338451 , 1802287
202552 , 1111938
367922 , 1956032
379872 , 2021095
300048 , 1600663
292004 , 1557621
356664 , 1896884
422751 , 2255605
445221 , 2380598
478231 , 2566731
482251 , 2587992
405752 , 2195071
642133 , 3382153
395414 , 2104664
505619 , 2722706
626809 , 3308706
727825 , 3814332
850500 , 4382240
855585 , 4422363
671591 , 3533916
723791 , 3795026
756691 , 3951250
782286 , 4066650
898476 , 4601093
850667 , 4382897
904948 , 4631069
752049 , 3930373
852799 , 4394055
1096575 , 5533824
1110585 , 5602629
1025286 , 5194370
979702 , 4971555
1059593 , 5362622
1201533 , 5995314
982309 , 4980128
1501060 , 7279699
1343956 , 6592627
1521076 , 7307801
1530141 , 7347141
1312777 , 6452570
1517277 , 7291380
1419413 , 6888705
1587593 , 7615784
1644533 , 8295164
1872495 , 8783281
1715988 , 8161830
1897413 , 8859970
2088748 , 9117355
2210019 , 9485729
2465580 , 10008103
2393611 , 9809867
2542381 , 10265774
2558037 , 10277671
2695422 , 10729697
2590709 , 10382354
3085645 , 11977012
2953916 , 11551364
3080376 , 11957190
3186691 , 12340458
2989393 , 11641404
3023374 , 11759953
3221950 , 12458571
3422850 , 13137925
3539097 , 13510161
3597417 , 13692656
3411093 , 13128104
3563403 , 13580961
3569699 , 13602739
3582844 , 13642103
3744050 , 14191317
3851315 , 14572668
3858460 , 14606206
3986601 , 15041516
3882298 , 14686168
4051488 , 15254266
3668569 , 13925764
3670749 , 14054359
3997159 , 15079168
4134505 , 15523718
4155821 , 15593131
4347951 , 16162567
4369711 , 16229500
4112752 , 15488117
4139657 , 15540778
4489262 , 16572206
4326238 , 16113005
4396503 , 16301491
4199134 , 15719030
4221529 , 15800088
4612359 , 16914541
4618224 , 16925394
4764801 , 17408171
4705722 , 17214508
4741102 , 17330732
4788172 , 17485206
4888283 , 17814530
5016578 , 18249497
4714749 , 17437332
4847004 , 17676130
4965189 , 18107639
4986854 , 18149925
5037252 , 18323967
5151883 , 18717351
5278893 , 19171208
5460990 , 19806399
5816110 , 21079788
5452186 , 19775572
5594791 , 20283351
5700141 , 20666749
5551197 , 20122431
5582982 , 20242462
5627282 , 20404049
5507398 , 19971308
5839718 , 21163932
5906770 , 21402612
5982280 , 21674699
6051465 , 21922737
6082362 , 22036442
6495065 , 23537894
6340866 , 22998930
6444107 , 23374444
6336583 , 22985271
6443213 , 23367199
6475918 , 23473461
6498273 , 23609604
6549019 , 23723276
21175 , 77971
20029 , 72466
301395 , 1611170
211957 , 1117826
184413 , 974835
209729 , 1105860
283759 , 1516223
630450 , 3325295
429147 , 2292507
488722 , 2624457
569588 , 3040733
608813 , 3227644
704235 , 3703287
708630 , 3718733
818340 , 4240532
853325 , 4395173
855736 , 4407371
842007 , 4343218
892982 , 4575322
736443 , 3856382
986176 , 5020411
1208626 , 6021302
1227541 , 6118767
1259166 , 6229963
1146232 , 5763076
1263313 , 6285539
1356525 , 6677682
1422035 , 6885263
1590110 , 7610719
1656390 , 7901565
1521941 , 7312408
1361567 , 6652981
1542547 , 7405280
1488913 , 7159793
1593158 , 7626792
1596108 , 7638697
1579168 , 7653792
1735320 , 8249625
1920515 , 8917209
1854747 , 8707858
1799743 , 8510142
2447265 , 9949612
2560475 , 10286849
2603860 , 10481307
2729170 , 10865986
2380621 , 9765707
2578912 , 10354585
2439248 , 9935444
2731078 , 10852550
2576944 , 10345278
2638204 , 10552228
2800840 , 11052548
3071120 , 11924667
2866856 , 11259199
3058652 , 11942898
2827003 , 11128813
2895733 , 11349782
3129393 , 12135038
2871029 , 11334701
3441416 , 13199127
3450819 , 13231013
3681445 , 13965275
3886156 , 14701793
3715682 , 14118165
3855758 , 14608194
4134225 , 16017357
4571360 , 16785200
4367461 , 16263298
4156302 , 15596657
4366982 , 16221053
4535412 , 16698599
4427433 , 16406456
4171649 , 15649001
4239059 , 15846409
4311874 , 16063356
4924980 , 17930004
5008325 , 18220604
4672791 , 17121505
4847996 , 17683943
4746677 , 17361173
4777292 , 17447488
4850167 , 17709747
4903297 , 17870598
4761304 , 17399127
4867844 , 17744662
5088155 , 18543625
5207985 , 19125790
5314155 , 19297265
5292736 , 19222564
5233888 , 19011165
5287438 , 19203490
5426113 , 19683013
5159659 , 18747385
5644475 , 20480796
5727235 , 20771086
5613621 , 20354040
5728196 , 20773407
5827886 , 21132254
5632058 , 20420248
5572924 , 20280058
5764424 , 20900376
5909375 , 21413231
5915656 , 21444111
5985431 , 21706245
6043526 , 21894305
6165571 , 22351214
5958408 , 21589963
5960148 , 21595399
6057088 , 21943758
6252538 , 22669541
6008164 , 21765377
6434165 , 23340561
6512370 , 23591344
6513115 , 23594534
6340091 , 22994871
6367667 , 23130886
6517762 , 23619577
6533708 , 23682111
6579638 , 23828083
6314929 , 22925263
101917 , 496600
118579 , 585756
183050 , 954092
299070 , 1596308
365645 , 1944952
373080 , 1987954
383311 , 2039106
201727 , 1061434
456534 , 2444245
536724 , 2877729
735531 , 3851122
1085000 , 5477602
1008681 , 5107556
1092301 , 5524269
983292 , 4986075
996287 , 5049744
1050114 , 5300950
1198534 , 5980303
1502380 , 7223629
1579655 , 7566979
1625660 , 7774159
1466672 , 7106942
1395988 , 6784739
1594153 , 7630077
1319989 , 6480953
1349329 , 6600370
1509319 , 7263914
1619689 , 7745798
1660189 , 7917739
2211886 , 9500718
1742547 , 8267924
1971727 , 8950313
2107317 , 9194824
1846113 , 8689285
1705224 , 8117608
2536960 , 10245502
2554740 , 10274676
2608985 , 10446104
2528961 , 10218426
2783833 , 11013530
2301954 , 9633489
2414264 , 9875846
3026620 , 11772078
3157590 , 12236313
3021666 , 11754314
3138442 , 12166532
3035848 , 11815666
2939964 , 11562838
3073269 , 11932916
3086444 , 11979625
3391040 , 13027838
3239441 , 12515519
3532021 , 13483905
3497443 , 13377585
3327289 , 12817199
3430344 , 13159666
3510794 , 13418348
3542989 , 13518637
3588184 , 13659927
3588444 , 13660926
3702550 , 14048507
3951840 , 14940210
3978395 , 15013785
3690266 , 13996888
3787646 , 14344255
3902986 , 14760787
3976797 , 15007561
3854268 , 14583042
3849163 , 14564797
4287225 , 15988971
4489055 , 16575603
4554630 , 16747151
4604425 , 16889036
4168351 , 15635091
4149417 , 15577126
4177217 , 15663722
4410072 , 16371286
4638103 , 16988084
4247484 , 15868343
4887890 , 17806336
4935130 , 17966638
4792991 , 17496727
4852247 , 17694530
4931367 , 17952491
4691833 , 17175063
4704064 , 17208988
4912454 , 17888504
4913174 , 17890285
5314280 , 19297792
5360680 , 19463173
5317016 , 19308077
5303507 , 19258970
5181528 , 18822260
5241064 , 19126466
5442340 , 19740649
5543035 , 20094190
5878512 , 21301824
5448553 , 19762748
5580668 , 20232518
5839028 , 21161611
5480034 , 19876504
5565979 , 20176136
5848364 , 21193425
6052950 , 21928967
6304295 , 22861802
6046411 , 21934189
6223978 , 22561751
6247113 , 22650494
6187484 , 22425408
6209164 , 22505712
6359805 , 23063557
6349335 , 23037993
6642350 , 24038030
6648436 , 24057301
6410232 , 23244449
6429428 , 23317804
6459953 , 23429385
6647633 , 24055607
6408159 , 23237357
6665864 , 24119306
16958 , 55871
108726 , 531674
61587 , 300950
53103 , 259370
138479 , 690105
207000 , 1090358
281890 , 1509864
322380 , 1730594
415531 , 2222639
613523 , 3247535
444074 , 2375399
693205 , 3661401
883245 , 4530551
717516 , 3763590
661537 , 3485392
735512 , 3868193
943708 , 4800999
993541 , 5034732
1130556 , 5691790
1219286 , 6072540
1025097 , 5193674
1051072 , 5314877
1144547 , 5757833
1298437 , 6394314
1246103 , 6177728
1262904 , 6251822
1407735 , 6837451
1501120 , 7224145
1332066 , 6533715
1518941 , 7297336
1599076 , 7651188
1631371 , 7797201
1412632 , 6847479
1350668 , 6613065
1412718 , 6849770
1541418 , 7399943
1497429 , 7201818
2054991 , 9028764
2189823 , 9434737
2707330 , 10775019
2401172 , 9836052
2412913 , 9887246
2465228 , 10006973
2596218 , 10396594
2518894 , 10183203
2565744 , 10308068
2572079 , 10335542
2615264 , 10470995
2789069 , 11043990
2988521 , 11637037
2995901 , 11660799
2792287 , 11024281
2854399 , 11221559
2930824 , 11456755
2938359 , 11515224
2992289 , 11695022
3070699 , 11923898
3460318 , 13261981
3279909 , 12650593
3478859 , 13316238
3659280 , 13906459
3697765 , 14024017
3951790 , 14992941
3960866 , 14952208
3651177 , 13868655
3699112 , 14041424
4045403 , 15234046
4028589 , 15286605
4215020 , 15764315
4171275 , 15957836
4457490 , 16472103
4273246 , 15946144
4343947 , 16153514
4541982 , 16715700
4265043 , 15921225
4284328 , 15980385
4358833 , 16198879
4382608 , 16262853
4658778 , 17059354
4646999 , 17018590
4954045 , 18035408
4534734 , 16696641
4818719 , 17580423
5038415 , 18327473
5077740 , 18461484
5206401 , 18912763
5296311 , 19233999
5310341 , 19291746
5258332 , 19146299
5281079 , 19178954
5694715 , 20658295
5802680 , 21035079
5652481 , 20495145
5691226 , 20676766
5849936 , 21198294
5431762 , 19774903
5799522 , 21043700
5619663 , 20376663
5820253 , 21093936
5867448 , 21261435
5518344 , 20383920
5859199 , 21283309
6111870 , 22275481
6164495 , 22339053
6048886 , 21963061
6307301 , 22873543
6028622 , 21892956
6050643 , 21919764
6143938 , 22263593
6278798 , 22779898
6158074 , 22318346
6369785 , 23158080
6400765 , 23229634
6691715 , 24210707
6588286 , 23854144
6314947 , 22902718
6557582 , 23754604
6342183 , 23002098
6657113 , 24089705
6339409 , 22989850
129200 , 642557
380152 , 2022118
561036 , 3001067
633541 , 3339396
697837 , 3665097
727532 , 3812521
840234 , 4335607
1175155 , 5891239
1100031 , 5558458
1244916 , 6172014
1249692 , 6192194
1357585 , 6644123
1367910 , 6693655
1566286 , 7507341
1534209 , 7371503
2175335 , 9387212
1855981 , 8741553
1899253 , 8864402
1756344 , 8324344
1998749 , 8974533
2728570 , 10844317
2782015 , 10992478
2635056 , 10535145
2732621 , 10858132
2505054 , 10145414
2692624 , 10719639
2729724 , 10847357
2989198 , 11638873
3155693 , 12230787
3557240 , 13587265
3571415 , 13616143
3621545 , 13775534
3424062 , 13151281
3542243 , 13514247
3999475 , 15349740
3866187 , 14625890
3902302 , 14758547
4017667 , 15142385
3708018 , 14062447
4175285 , 15661391
4228755 , 15812115
4277630 , 15963255
4607150 , 16887564
4360422 , 16204185
4130444 , 15509016
4230374 , 15817749
4913840 , 17898447
4996550 , 18178908
4885683 , 17800142
4743519 , 17338902
4892099 , 17821994
4969639 , 18104738
5160020 , 18767123
5174825 , 18832946
5233115 , 19006647
5270515 , 19140001
5293075 , 19222291
5351110 , 19429740
5156921 , 18736237
5412926 , 19634449
5410462 , 19625878
5254033 , 19081560
5292023 , 19219593
5407049 , 19614999
5553265 , 20131028
5674600 , 20577136
5735925 , 20800953
5840005 , 21176764
5481296 , 19879532
5511406 , 19986277
5596796 , 20295173
5612216 , 20348494
5744121 , 20828052
5767071 , 20910915
5445342 , 19750121
5549627 , 20116960
5743392 , 20826950
5809892 , 21058306
5628964 , 20409648
5822354 , 21101232
6245470 , 22645072
6289690 , 22808901
6067226 , 22044003
6173222 , 22383261
5970409 , 21634034
6129104 , 22209481
6212704 , 22518914
6320359 , 22922415
6334304 , 22974037
82539 , 403749
221746 , 1178959
277783 , 1483659
281779 , 1527465
721220 , 3780647
1070111 , 5430930
1245946 , 6173090
1012942 , 5133119
1428698 , 6909330
1708832 , 8132788
2109087 , 9198792
2159307 , 9380707
1803634 , 8510012
2765716 , 10955636
2711334 , 10787327
2796627 , 11036771
3117772 , 12091905
2869188 , 11279614
2912838 , 11405410
2936453 , 11475524
2945913 , 11501307
3257820 , 12575643
3450086 , 13228175
3525442 , 13468334
3434924 , 13177086
3890215 , 14714903
4010280 , 15117837
3783871 , 14329814
3811316 , 14451125
3919776 , 14831837
4002341 , 15104894
3671652 , 13936592
3916842 , 14879739
3691383 , 14001540
4422325 , 16380936
4443246 , 16433603
4498861 , 16596856
4418258 , 16358031
4198859 , 15718745
4329134 , 16108163
4516349 , 16649653
4701030 , 17200075
4715562 , 17245949
4804817 , 17543537
5242895 , 19041588
5045961 , 18354535
5190839 , 18861780
5241399 , 19042673
5628740 , 20408941
5757680 , 20876214
5838013 , 21158258
6138695 , 22244562
6299805 , 22870403
6130841 , 22231804
5967562 , 21626472
6012748 , 21781852
6114514 , 22154402
6598065 , 23882824
6635320 , 24012209
6332262 , 22966737
6407488 , 23239330
6627668 , 23988265
6468569 , 23479487
108741 , 532026
289580 , 1546629
215401 , 1136757
230799 , 1223896
282409 , 1509264
642255 , 3458905
479342 , 2600864
407589 , 2174611
618879 , 3271415
818440 , 4248837
779117 , 4055367
796984 , 4137035
991840 , 5028164
1217450 , 6061557
1173716 , 5905218
1250597 , 6212053
1304257 , 6418427
1173293 , 5880894
1469775 , 7096566
1640121 , 7835156
1431102 , 6921625
1489697 , 7322955
1639934 , 7833384
1830056 , 8629696
1678663 , 8000785
1758339 , 8334182
2500251 , 10130622
2616553 , 10470048
3064355 , 11967960
3004302 , 11696124
3115908 , 12105379
2822119 , 11117734
3044794 , 11843210
3146444 , 12197559
3681660 , 13968043
3847822 , 14600544
4198593 , 15758258
4444678 , 16448970
4518408 , 16651622
4642073 , 17055616
4727839 , 17389828
5049406 , 18366293
5305643 , 19270342
5679715 , 20592316
5490272 , 20052924
5542222 , 20096174
5807197 , 21055070
5672458 , 20609729
5702079 , 20698554
5970685 , 21639838
6079055 , 22024934
6296900 , 22855403
5869431 , 21370204
5934781 , 21508334
6242673 , 22634599
6067124 , 21982079
6656990 , 24089772
6570223 , 23785796
12898 , 37802
128110 , 634942
102951 , 501908
129522 , 640932
129623 , 641288
325856 , 1736872
628451 , 3316535
666055 , 3529876
684373 , 3601744
1302495 , 6423146
1114183 , 5619180
1361797 , 6659726
1439372 , 6963337
1771571 , 8627437
2207454 , 9494065
2516434 , 10173294
2715029 , 10801597
3079136 , 11955144
3121124 , 12106490
3131964 , 12143972
3819005 , 14470279
3963381 , 14959735
4021428 , 15160731
3876404 , 14663516
3906834 , 14780867
4296481 , 16053701
4201672 , 15729831
4225214 , 15804151
4709331 , 17226330
4877961 , 17779319
4995741 , 18175720
4747298 , 17366014
5049467 , 18365632
5439445 , 19742251
5646830 , 20662478
5553711 , 20131938
5770158 , 20924012
5875368 , 21289749
5985725 , 21693135
5959849 , 21603307
6153294 , 22302507
6485586 , 23528317
154224 , 783530
412663 , 2219724
392464 , 2089800
519829 , 2798044
806220 , 4181903
745976 , 4050918
870279 , 4543759
984826 , 4993416
995594 , 5046345
1164189 , 5860201
1509740 , 7260283
1494866 , 7187926
1559976 , 7526767
1349347 , 6600557
1521782 , 7319204
1910690 , 8890022
1747719 , 8312307
2320134 , 9671134
2617654 , 10474645
2866168 , 11271160
3158944 , 12365615
3502570 , 13390700
3226406 , 12474188
3227858 , 12479490
4060442 , 15307288
4522994 , 16662269
4675400 , 17114581
4757517 , 17411152
5234688 , 19022596
5295258 , 19243119
5089924 , 18507277
5090829 , 18523298
5679915 , 20592761
5489652 , 20119633
6138590 , 22245407
6216772 , 22547587
6689342 , 24201157
6609203 , 23921890
85427 , 416927
349615 , 1862495
751927 , 3947512
831177 , 4290624
843868 , 4364912
1117966 , 5639785
1167283 , 5865708
1536721 , 7384794
1375292 , 6704023
1400269 , 6797574
1406019 , 6822638
1854734 , 8711745
2345781 , 9706286
2629103 , 10517692
3025755 , 11770693
3296245 , 12709894
3513487 , 13443414
3376773 , 12978501
3515119 , 13432026
3649811 , 13865189
3702736 , 14043523
4624192 , 16945708
4900525 , 17848349
4891332 , 17819791
4811048 , 17553968
5245551 , 19050600
5079494 , 18466135
5440626 , 19734287
5691627 , 20639160
5958663 , 21608988
6209589 , 22506192
6369240 , 23097042
6413240 , 23260688
6658545 , 24094482
6631176 , 24001874
6373257 , 23114962
