23425
44747
20593
28863
59656
80201
92136
79232
87167
111477
91789
177744
298021
300522
313892
314902
368447
194653
227693
263298
363923
381888
183144
484210
500560
527475
614826
393877
460287
549587
588417
404053
464333
587188
625093
630368
391034
455494
645984
796655
938615
708946
813601
675277
683042
686752
795017
674169
679424
688894
706209
801149
951350
1183420
992181
1091896
1033162
1052702
1054407
1071847
1082712
1220802
1093933
1210948
1221233
961409
971254
1067019
1212654
1429570
1668380
1310116
1409011
1408836
1342537
1517962
1419088
1673963
1529589
1547724
1802530
1818590
1913485
2158220
2165100
2259415
1699461
1786236
1844826
1864211
2219806
2265851
1883277
2092677
1713523
2134223
1799519
1852014
2055529
2493185
2623020
2786110
2565672
2626442
2671447
2263148
2354498
2792228
2286434
2632934
2753444
2839145
3087540
3093440
2843636
2898066
2923586
2802507
2952873
3103378
3034924
3110484
3217595
3385765
3513800
3351766
3450556
3262877
3300147
3344077
3360567
3474257
3613247
3251988
3308533
3371793
3374823
3477903
3595708
3253339
3530439
3839045
3859575
3882055
3702711
3779476
3826901
4032151
4051981
4079221
4111026
3639602
3793087
3834088
3917783
3965333
4005043
3977439
4087509
4157565
4173715
4506885
4633985
4149886
4330221
4110672
4365377
4651177
4155663
4187948
4386798
4387468
4478623
4139109
4531674
4792281
4857441
5015436
4791512
4854002
4856332
4812608
4839188
4865078
4595039
4806794
5156510
5195275
5132051
5052012
5079608
5382158
5077379
5279559
5405079
5550540
5853135
5526252
5780452
5438238
5701848
5859743
5870543
5478309
5493244
5941930
6043125
6292705
6053256
5952997
5880008
5999419
6393480
6325636
6623006
6716801
6581837
6710527
6432088
6700393
6428614
6497904
25787
71185
148571
180672
225235
333220
342870
301906
370686
270793
328413
192309
202204
341069
515190
479196
516311
416533
528648
531424
720016
759951
866776
745388
854099
898959
1124210
1199955
1214005
1279655
1023596
1194011
1249351
948172
949242
1176407
1277842
1296387
1033083
1034158
1067063
1184588
1443930
1610240
1327061
1347001
1488516
1469777
1593463
1321184
1570049
1619964
1645004
1605779
1696800
1700370
1760455
1793605
1805905
1546980
1875105
2261262
1790323
2046918
2227733
1724789
1810934
1855559
2354035
2498736
2569006
2764681
2785777
2656648
2396619
2564809
2588354
2653659
2847420
3056496
3122806
2980142
3113588
3022774
3499790
3195477
3379727
3495977
3528237
3421553
3468779
3847440
3872880
4020855
4045856
4105866
3714627
3854922
4008402
4061467
4070702
3651528
3656313
3619818
3946193
3876564
3900519
4308995
4396205
4503705
4643490
4250097
4267177
4451597
4462112
4145713
4144719
4899086
4998486
5014056
4829573
4917924
5004179
5122905
5148930
5270000
5323480
5025421
5123857
5071329
5351504
5456725
5724940
5592901
5688531
5444292
5506817
5545467
5602827
5687162
5761667
5852992
5866242
5375788
5609468
5806338
5733509
5940585
5987510
6039316
6153911
6259816
5933037
6068617
6034793
6052233
6098324
6405055
6533105
6684470
6334386
6399721
6626796
6358767
6623032
6617828
6562889
8093
14310
27180
167025
72826
92812
133758
151168
369885
359656
378306
222118
243693
245908
275228
302203
371353
245914
286054
636400
546006
463457
487992
567567
395193
393094
430649
744810
905150
712281
756991
921456
702307
840517
754184
807644
1059970
965771
972691
1065091
950563
1056419
1140914
1200714
1656615
1345987
1589892
1306688
1406119
1581189
1802205
1829950
1928321
1708672
1822923
1861828
2286550
2525006
2742096
2742526
2778682
2482633
2628553
2557869
3094665
3128580
3141455
2878356
3113136
3113231
3128066
2923167
3021872
3029227
2933033
2973118
3018143
2813064
3327785
3593115
3601585
3196531
3329251
3510611
3422157
3343413
3466698
3502598
3559143
3499319
3881446
3897711
3753012
3840577
3885777
3940717
3748879
3849074
3899654
4289595
4293680
4458600
4460250
4518780
4527156
4215107
4269422
4330537
4475622
4653093
4236459
4527004
4654904
4907180
4759901
4773191
4722338
5121390
5176420
5319340
4979237
5075158
5105393
5111783
5112879
5353614
5558811
5750668
5770174
5801834
5978275
6106575
6246160
6006176
6014061
6028756
6168336
6080437
6115527
6183057
6081328
6224078
6257083
5896149
6541695
6619775
6696365
6719001
6427407
6471887
6539098
6603313
6623539
6642599
46441
96780
178967
98419
318945
593250
596901
414782
471863
597373
490484
769280
789270
810030
817520
826845
856660
681896
803901
837636
842607
882697
654868
939938
668334
714664
768879
1224421
961107
1097007
1111042
1241568
1005399
1214209
1282659
1384421
1641596
1673666
1610221
1345572
1493432
1581882
1579502
1361058
1491059
1773801
1837916
1873896
1905846
1735897
1742177
2128232
1703373
1775123
1676324
1691264
1695179
1785339
2287655
2526455
2558860
2378737
2386422
2446427
2630832
2564034
2980980
3180365
2937441
3120306
3148961
3131098
2869314
2964154
2986724
3001069
3480766
3374332
3514062
3263459
3392369
3924846
4013946
4055141
3769492
3815657
3871952
4015637
4064367
4020623
4639875
4131201
4299966
4132003
4332953
4583608
4641778
4719776
4814421
4901816
4958256
4732267
4756502
4805812
4837177
4698298
4748878
5020191
5295611
5363192
5197423
5218778
5082649
5216454
5304284
5338509
5388004
5652571
5814341
5642657
5871968
5535369
5748869
5926735
6062615
6136291
5883342
6018934
6267064
6328430
6383731
6575891
6690151
6472762
6721193
6668824
11059
22458
65216
128157
128387
125513
231705
267460
246896
338451
202552
367922
379872
300048
292004
356664
422751
445221
478231
482251
405752
642133
395414
505619
626809
727825
850500
855585
671591
723791
756691
782286
898476
850667
904948
752049
852799
1096575
1110585
1025286
979702
1059593
1201533
982309
1501060
1343956
1521076
1530141
1312777
1517277
1419413
1587593
1644533
1872495
1715988
1897413
2088748
2210019
2465580
2393611
2542381
2558037
2695422
2590709
3085645
2953916
3080376
3186691
2989393
3023374
3221950
3422850
3539097
3597417
3411093
3563403
3569699
3582844
3744050
3851315
3858460
3986601
3882298
4051488
3668569
3670749
3997159
4134505
4155821
4347951
4369711
4112752
4139657
4489262
4326238
4396503
4199134
4221529
4612359
4618224
4764801
4705722
4741102
4788172
4888283
5016578
4714749
4847004
4965189
4986854
5037252
5151883
5278893
5460990
5816110
5452186
5594791
5700141
5551197
5582982
5627282
5507398
5839718
5906770
5982280
6051465
6082362
6495065
6340866
6444107
6336583
6443213
6475918
6498273
6549019
21175
20029
301395
211957
184413
209729
283759
630450
429147
488722
569588
608813
704235
708630
818340
853325
855736
842007
892982
736443
986176
1208626
1227541
1259166
1146232
1263313
1356525
1422035
1590110
1656390
1521941
1361567
1542547
1488913
1593158
1596108
1579168
1735320
1920515
1854747
1799743
2447265
2560475
2603860
2729170
2380621
2578912
2439248
2731078
2576944
2638204
2800840
3071120
2866856
3058652
2827003
2895733
3129393
2871029
3441416
3450819
3681445
3886156
3715682
3855758
4134225
4571360
4367461
4156302
4366982
4535412
4427433
4171649
4239059
4311874
4924980
5008325
4672791
4847996
4746677
4777292
4850167
4903297
4761304
4867844
5088155
5207985
5314155
5292736
5233888
5287438
5426113
5159659
5644475
5727235
5613621
5728196
5827886
5632058
5572924
5764424
5909375
5915656
5985431
6043526
6165571
5958408
5960148
6057088
6252538
6008164
6434165
6512370
6513115
6340091
6367667
6517762
6533708
6579638
6314929
101917
118579
183050
299070
365645
373080
383311
201727
456534
536724
735531
1085000
1008681
1092301
983292
996287
1050114
1198534
1502380
1579655
1625660
1466672
1395988
1594153
1319989
1349329
1509319
1619689
1660189
2211886
1742547
1971727
2107317
1846113
1705224
2536960
2554740
2608985
2528961
2783833
2301954
2414264
3026620
3157590
3021666
3138442
3035848
2939964
3073269
3086444
3391040
3239441
3532021
3497443
3327289
3430344
3510794
3542989
3588184
3588444
3702550
3951840
3978395
3690266
3787646
3902986
3976797
3854268
3849163
4287225
4489055
4554630
4604425
4168351
4149417
4177217
4410072
4638103
4247484
4887890
4935130
4792991
4852247
4931367
4691833
4704064
4912454
4913174
5314280
5360680
5317016
5303507
5181528
5241064
5442340
5543035
5878512
5448553
5580668
5839028
5480034
5565979
5848364
6052950
6304295
6046411
6223978
6247113
6187484
6209164
6359805
6349335
6642350
6648436
6410232
6429428
6459953
6647633
6408159
6665864
16958
108726
61587
53103
138479
207000
281890
322380
415531
613523
444074
693205
883245
717516
661537
735512
943708
993541
1130556
1219286
1025097
1051072
1144547
1298437
1246103
1262904
1407735
1501120
1332066
1518941
1599076
1631371
1412632
1350668
1412718
1541418
1497429
2054991
2189823
2707330
2401172
2412913
2465228
2596218
2518894
2565744
2572079
2615264
2789069
2988521
2995901
2792287
2854399
2930824
2938359
2992289
3070699
3460318
3279909
3478859
3659280
3697765
3951790
3960866
3651177
3699112
4045403
4028589
4215020
4171275
4457490
4273246
4343947
4541982
4265043
4284328
4358833
4382608
4658778
4646999
4954045
4534734
4818719
5038415
5077740
5206401
5296311
5310341
5258332
5281079
5694715
5802680
5652481
5691226
5849936
5431762
5799522
5619663
5820253
5867448
5518344
5859199
6111870
6164495
6048886
6307301
6028622
6050643
6143938
6278798
6158074
6369785
6400765
6691715
6588286
6314947
6557582
6342183
6657113
6339409
129200
380152
561036
633541
697837
727532
840234
1175155
1100031
1244916
1249692
1357585
1367910
1566286
1534209
2175335
1855981
1899253
1756344
1998749
2728570
2782015
2635056
2732621
2505054
2692624
2729724
2989198
3155693
3557240
3571415
3621545
3424062
3542243
3999475
3866187
3902302
4017667
3708018
4175285
4228755
4277630
4607150
4360422
4130444
4230374
4913840
4996550
4885683
4743519
4892099
4969639
5160020
5174825
5233115
5270515
5293075
5351110
5156921
5412926
5410462
5254033
5292023
5407049
5553265
5674600
5735925
5840005
5481296
5511406
5596796
5612216
5744121
5767071
5445342
5549627
5743392
5809892
5628964
5822354
6245470
6289690
6067226
6173222
5970409
6129104
6212704
6320359
6334304
82539
221746
277783
281779
721220
1070111
1245946
1012942
1428698
1708832
2109087
2159307
1803634
2765716
2711334
2796627
3117772
2869188
2912838
2936453
2945913
3257820
3450086
3525442
3434924
3890215
4010280
3783871
3811316
3919776
4002341
3671652
3916842
3691383
4422325
4443246
4498861
4418258
4198859
4329134
4516349
4701030
4715562
4804817
5242895
5045961
5190839
5241399
5628740
5757680
5838013
6138695
6299805
6130841
5967562
6012748
6114514
6598065
6635320
6332262
6407488
6627668
6468569
108741
289580
215401
230799
282409
642255
479342
407589
618879
818440
779117
796984
991840
1217450
1173716
1250597
1304257
1173293
1469775
1640121
1431102
1489697
1639934
1830056
1678663
1758339
2500251
2616553
3064355
3004302
3115908
2822119
3044794
3146444
3681660
3847822
4198593
4444678
4518408
4642073
4727839
5049406
5305643
5679715
5490272
5542222
5807197
5672458
5702079
5970685
6079055
6296900
5869431
5934781
6242673
6067124
6656990
6570223
12898
128110
102951
129522
129623
325856
628451
666055
684373
1302495
1114183
1361797
1439372
1771571
2207454
2516434
2715029
3079136
3121124
3131964
3819005
3963381
4021428
3876404
3906834
4296481
4201672
4225214
4709331
4877961
4995741
4747298
5049467
5439445
5646830
5553711
5770158
5875368
5985725
5959849
6153294
6485586
154224
412663
392464
519829
806220
745976
870279
984826
995594
1164189
1509740
1494866
1559976
1349347
1521782
1910690
1747719
2320134
2617654
2866168
3158944
3502570
3226406
3227858
4060442
4522994
4675400
4757517
5234688
5295258
5089924
5090829
5679915
5489652
6138590
6216772
6689342
6609203
85427
349615
751927
831177
843868
1117966
1167283
1536721
1375292
1400269
1406019
1854734
2345781
2629103
3025755
3296245
3513487
3376773
3515119
3649811
3702736
4624192
4900525
4891332
4811048
5245551
5079494
5440626
5691627
5958663
6209589
6369240
6413240
6658545
6631176
6373257
